100 -0.678910 2.540744 0.537144 90.508685 -2.199116 -4.219483 0.008687 294 101 103 110
101 0.660869 2.501265 0.646495 87.375063 -3.326359 -1.479394 0.004750 466 100 105 110
102 -2.132728 1.846800 0.426098 87.883178 0.063976 111.103591 0.032380 74 103 107
103 -2.577816 2.482302 0.424077 91.894731 -1.103542 38.669990 0.075278 70 100 102
104 1.257554 0.741231 0.185717 96.004038 11.614198 -159.079283 0.018446 126 106 111
105 1.716306 1.324645 0.573260 94.711169 -3.795906 -95.012167 0.009895 224 101
106 1.342747 -0.581753 0.489222 95.776631 5.763651 -151.791075 0.013202 172 104 111 112
107 -1.493034 0.069892 0.148313 85.679778 -0.646838 108.583587 0.014547 160 102 108 109
108 -1.320575 -0.567416 0.354886 84.390819 -4.341809 109.160273 0.014789 156 107 109
109 -0.390479 -1.316694 0.401465 86.187988 2.575409 -160.562000 0.011744 200 107 108 112
110 0.025243 2.426163 -0.078168 101.088292 -1.212129 -0.400154 0.000000 0 100 101
111 1.225534 0.515703 0.145235 93.353466 -1.199746 -99.062621 0.031298 80 104 106
112 0.395224 -0.961725 0.426559 92.986243 5.040109 -154.070270 0.028941 86 106 109
